0,471
0,243
0,470
0,469
0,468
0,467
0,466
0,465
0,464
0,463
0,462
0,461
0,460
0,459
0,458
0,457
0,456
45,4
45,3
45,2
45,1
45,0
44,3
44,2
44,1
44,0
40,40
0,278
0,455
0,454
0,453
0,452
0,451
0,386
0,273
0,270
43,4
43,3
43,2
43,1
43,0
42,3
42,2
42,1
42,0
40,39
41,3
41,2
41,1
41,0
38,1
38,3
40,38
40,37
40,36
40,35
3,2
3,1
3,3
10,64
10,298
10,174
10,284
10,186
10,116
10,4
10,1
10,310
10,2
10,3
11,18
11,28
11,8
11,26
11,16
11,1
11,22
11,2
11,3
9,7
9,6
9,1
9,4
9,2
9,3
8,13
8,11
8,7
8,15
8,1
8,5
8,2
8,3
12,2
12,1
12,3
20,2
20,1
20,3
19,2
19,1
19,3
21,3
21,2
21,1
21,0
7,13
7,12
7,11
7,10
7,9
7,8
7,7
